    0  1.000000
    1  0.999962
    2  0.999848
    3  0.999657
    4  0.999391
    5  0.999048
    6  0.998630
    7  0.998135
    8  0.997564
    9  0.996917
   10  0.996195
   11  0.995396
   12  0.994522
   13  0.993572
   14  0.992546
   15  0.991445
   16  0.990268
   17  0.989016
   18  0.987688
   19  0.986286
   20  0.984808
   21  0.983255
   22  0.981627
   23  0.979925
   24  0.978148
   25  0.976296
   26  0.974370
   27  0.972370
   28  0.970296
   29  0.968148
   30  0.965926
   31  0.963630
   32  0.961262
   33  0.958820
   34  0.956305
   35  0.953717
   36  0.951056
   37  0.948324
   38  0.945518
   39  0.942641
   40  0.939693
   41  0.936672
   42  0.933580
   43  0.930418
   44  0.927184
   45  0.923880
   46  0.920505
   47  0.917060
   48  0.913545
   49  0.909961
   50  0.906308
   51  0.902585
   52  0.898794
   53  0.894934
   54  0.891006
   55  0.887011
   56  0.882948
   57  0.878817
   58  0.874620
   59  0.870356
   60  0.866025
   61  0.861629
   62  0.857167
   63  0.852640
   64  0.848048
   65  0.843391
   66  0.838671
   67  0.833886
   68  0.829037
   69  0.824126
   70  0.819152
   71  0.814116
   72  0.809017
   73  0.803857
   74  0.798635
   75  0.793353
   76  0.788011
   77  0.782608
   78  0.777146
   79  0.771625
   80  0.766044
   81  0.760406
   82  0.754710
   83  0.748956
   84  0.743145
   85  0.737277
   86  0.731354
   87  0.725374
   88  0.719340
   89  0.713250
   90  0.707107
   91  0.700909
   92  0.694658
   93  0.688355
   94  0.681998
   95  0.675590
   96  0.669131
   97  0.662620
   98  0.656059
   99  0.649448
  100  0.642788
  101  0.636078
  102  0.629320
  103  0.622515
  104  0.615661
  105  0.608761
  106  0.601815
  107  0.594823
  108  0.587785
  109  0.580703
  110  0.573576
  111  0.566406
  112  0.559193
  113  0.551937
  114  0.544639
  115  0.537300
  116  0.529919
  117  0.522498
  118  0.515038
  119  0.507538
  120  0.500000
  121  0.492424
  122  0.484810
  123  0.477159
  124  0.469471
  125  0.461749
  126  0.453990
  127  0.446198
  128  0.438371
  129  0.430511
  130  0.422618
  131  0.414693
  132  0.406737
  133  0.398749
  134  0.390731
  135  0.382683
  136  0.374607
  137  0.366501
  138  0.358368
  139  0.350207
  140  0.342020
  141  0.333807
  142  0.325568
  143  0.317305
  144  0.309017
  145  0.300706
  146  0.292372
  147  0.284015
  148  0.275637
  149  0.267238
  150  0.258819
  151  0.250380
  152  0.241922
  153  0.233445
  154  0.224951
  155  0.216440
  156  0.207912
  157  0.199368
  158  0.190809
  159  0.182236
  160  0.173648
  161  0.165048
  162  0.156434
  163  0.147809
  164  0.139173
  165  0.130526
  166  0.121869
  167  0.113203
  168  0.104528
  169  0.095846
  170  0.087156
  171  0.078459
  172  0.069757
  173  0.061049
  174  0.052336
  175  0.043619
  176  0.034899
  177  0.026177
  178  0.017452
  179  0.008727
  180 -0.000000
  181 -0.008727
  182 -0.017452
  183 -0.026177
  184 -0.034899
  185 -0.043619
  186 -0.052336
  187 -0.061049
  188 -0.069757
  189 -0.078459
  190 -0.087156
  191 -0.095846
  192 -0.104529
  193 -0.113203
  194 -0.121869
  195 -0.130526
  196 -0.139173
  197 -0.147810
  198 -0.156434
  199 -0.165048
  200 -0.173648
  201 -0.182236
  202 -0.190809
  203 -0.199368
  204 -0.207912
  205 -0.216440
  206 -0.224951
  207 -0.233445
  208 -0.241922
  209 -0.250380
  210 -0.258819
  211 -0.267239
  212 -0.275637
  213 -0.284015
  214 -0.292372
  215 -0.300706
  216 -0.309017
  217 -0.317305
  218 -0.325568
  219 -0.333807
  220 -0.342020
  221 -0.350207
  222 -0.358368
  223 -0.366501
  224 -0.374607
  225 -0.382683
  226 -0.390731
  227 -0.398749
  228 -0.406737
  229 -0.414693
